   376.859985  1.025535
   381.869995  0.828795
   386.880005  0.751324
   391.890015  0.737763
   396.890015  0.784762
   401.899994  1.051233
   406.910004  1.062142
   411.920013  1.099953
   416.929993  1.117489
   421.940002  1.076413
   426.950012  1.009825
   431.959991  0.978631
   436.959991  1.058657
   441.970001  1.116349
   446.980011  1.149488
   451.989990  1.171437
   457.000000  1.155443
   462.010010  1.153400
   467.019989  1.095930
   472.019989  1.108301
   477.029999  1.093533
   482.040009  1.074480
   487.049988  0.990107
   492.059998  1.000310
   497.070007  0.987178
   502.079987  0.939919
   507.089996  0.938480
   512.090027  0.921687
   517.099976  0.860142
   522.109985  0.886021
   527.119995  0.890560
   532.130005  0.904114
   537.140015  0.902830
   542.150024  0.870677
   547.150024  0.851146
   552.159973  0.835763
   557.169983  0.824187
   562.179993  0.794921
   567.190002  0.768347
   572.200012  0.732069
   577.210022  0.704835
   582.219971  0.706549
   587.219971  0.664806
   592.229980  0.632086
   597.239990  0.626992
   602.250000  0.624773
   607.260010  0.609043
   612.270020  0.598016
   617.280029  0.578141
   622.280029  0.576580
   627.289978  0.552544
   632.299988  0.532253
   637.309998  0.539090
   642.320007  0.531088
   647.330017  0.507891
   652.340027  0.484602
   657.349976  0.494169
   662.349976  0.496750
   667.359985  0.495234
   672.369995  0.474271
   677.380005  0.436181
   682.390015  0.425138
   687.400024  0.389255
   692.409973  0.401816
   697.409973  0.429010
   702.419983  0.474638
   707.429993  0.524239
   712.440002  0.571908
   717.450012  0.565594
   722.460022  0.621342
   727.469971  0.688429
   732.479980  0.850719
   737.479980  1.005463
   742.489990  1.154662
   747.500000  1.230440
   752.510010  1.266043
   757.520020  1.134352
   762.530029  0.730286
   767.539978  1.062149
   772.539978  1.276748
   777.549988  1.296679
   782.559998  1.289943
   787.570007  1.263443
   792.580017  1.225244
   797.590027  1.225381
   802.599976  1.201866
   807.609985  1.199043
   812.609985  1.065497
   817.619995  0.932120
   822.630005  0.973542
   827.640015  1.006403
   832.650024  1.036627
   837.659973  1.112075
   842.669983  1.152109
   847.669983  1.134194
   852.679993  1.103974
   857.690002  1.121520
   862.700012  1.130092
   867.710022  1.088345
   872.719971  1.108500
   877.729980  1.097507
   882.739990  1.086426
   887.739990  1.069393
   892.750000  0.981744
   897.760010  0.780060
   902.770020  0.770986
   907.780029  0.743369
   912.789978  0.676074
   917.799988  0.698907
   922.809998  0.746024
   927.809998  0.593176
   932.820007  0.319152
   937.830017  0.286103
   942.840027  0.324716
   947.849976  0.310145
   952.859985  0.331349
   957.869995  0.361117
   962.869995  0.423656
   967.880005  0.544189
   972.890015  0.604931
   977.900024  0.595047
   982.909973  0.681963
   987.919983  0.756095
   992.929993  0.776826
   997.940002  0.786281
  1002.940002  0.776308
  1007.950012  0.781233
  1012.960022  0.783327
  1017.969971  0.797015
  1022.979980  0.781652
  1027.989990  0.792329
  1033.000000  0.793068
  1038.000000  0.782991
  1043.010010  0.776626
  1048.020020  0.776788
  1053.030029  0.762021
  1058.040039  0.745521
  1063.050049  0.731621
  1068.060059  0.718677
  1073.069946  0.715788
  1078.069946  0.700627
  1083.079956  0.669092
  1088.089966  0.642745
  1093.099976  0.608329
  1098.109985  0.542268
  1103.119995  0.476833
  1108.130005  0.415150
  1113.130005  0.302579
  1118.140015  0.161755
  1123.150024  0.115241
  1128.160034  0.115283
  1133.170044  0.133997
  1138.180054  0.163829
  1143.189941  0.152085
  1148.199951  0.127812
  1153.199951  0.157350
  1158.209961  0.210787
  1163.219971  0.268519
  1168.229980  0.298721
  1173.239990  0.315231
  1178.250000  0.319452
  1183.260010  0.304431
  1188.260010  0.310279
  1193.270020  0.324702
  1198.280029  0.313162
  1203.290039  0.305503
  1208.300049  0.319214
  1213.310059  0.322132
  1218.319946  0.344014
  1223.329956  0.351307
  1228.329956  0.360323
  1233.339966  0.374600
  1238.349976  0.383846
  1243.359985  0.382043
  1248.369995  0.381374
  1253.380005  0.368732
  1258.390015  0.346877
  1263.390015  0.314209
  1268.400024  0.299751
  1273.410034  0.329102
  1278.420044  0.340941
  1283.430054  0.341317
  1288.439941  0.336450
  1293.449951  0.322693
  1298.459961  0.301419
  1303.459961  0.273604
  1308.469971  0.231694
  1313.479980  0.195917
  1318.489990  0.172128
  1323.500000  0.150334
  1328.510010  0.109684
  1333.520020  0.079498
  1338.520020  0.077135
  1343.530029  0.052843
  1348.540039  0.016476
  1353.550049  0.009109
  1358.560059  0.008603
  1363.569946  0.009032
  1368.579956  0.007501
  1373.589966  0.007918
  1378.589966  0.006863
  1383.599976  0.007609
  1388.609985  0.006704
  1393.619995  0.007744
  1398.630005  0.006929
  1403.640015  0.007018
  1408.650024  0.006779
  1413.650024  0.007307
  1418.660034  0.006685
  1423.670044  0.006576
  1428.680054  0.007001
  1433.689941  0.008060
  1438.699951  0.007802
  1443.709961  0.008235
  1448.719971  0.009069
  1453.719971  0.010272
  1458.729980  0.011996
  1463.739990  0.011598
  1468.750000  0.009358
  1473.760010  0.011099
  1478.770020  0.010949
  1483.780029  0.014167
  1488.780029  0.017626
  1493.790039  0.023609
  1498.800049  0.029061
  1503.810059  0.028794
  1508.819946  0.034259
  1513.829956  0.038888
  1518.839966  0.039858
  1523.849976  0.045613
  1528.849976  0.045902
  1533.859985  0.050622
  1538.869995  0.051498
  1543.880005  0.052621
  1548.890015  0.055028
  1553.900024  0.055130
  1558.910034  0.058701
  1563.910034  0.058503
  1568.920044  0.057073
  1573.930054  0.055512
  1578.939941  0.057020
  1583.949951  0.061324
  1588.959961  0.061661
  1593.969971  0.063674
  1598.979980  0.062428
  1603.979980  0.059857
  1608.989990  0.063956
  1614.000000  0.064667
  1619.010010  0.067163
  1624.020020  0.069459
  1629.030029  0.071308
  1634.040039  0.068799
  1639.040039  0.067796
  1644.050049  0.069096
  1649.060059  0.068012
  1654.069946  0.067379
  1659.079956  0.066984
  1664.089966  0.066118
  1669.099976  0.063386
  1674.109985  0.062885
  1679.109985  0.061624
  1684.119995  0.060125
  1689.130005  0.058907
  1694.140015  0.056767
  1699.150024  0.054544
  1704.160034  0.053529
  1709.170044  0.050671
  1714.170044  0.050325
  1719.180054  0.049542
  1724.189941  0.043406
  1729.199951  0.043979
  1734.209961  0.041112
  1739.219971  0.038652
  1744.229980  0.037467
  1749.239990  0.036558
  1754.239990  0.035391
  1759.250000  0.033111
  1764.260010  0.029323
  1769.270020  0.027081
  1774.280029  0.022864
  1779.290039  0.018697
  1784.300049  0.016493
  1789.300049  0.014081
  1794.310059  0.009466
  1799.319946  0.007397
  1804.329956  0.004622
  1809.339966  0.004048
  1814.349976  0.004350
  1819.359985  0.004558
  1824.369995  0.003048
  1829.369995  0.002791
  1834.380005  0.003286
  1839.390015  0.003119
  1844.400024  0.002629
  1849.410034  0.002828
  1854.420044  0.002218
  1859.430054  0.003124
  1864.439941  0.003072
  1869.439941  0.002993
  1874.449951  0.002184
  1879.459961  0.002295
  1884.469971  0.002266
  1889.479980  0.002152
  1894.489990  0.002826
  1899.500000  0.003120
  1904.500000  0.002785
  1909.510010  0.002249
  1914.520020  0.002357
  1919.530029  0.002182
  1924.540039  0.002584
  1929.550049  0.002042
  1934.560059  0.002111
  1939.569946  0.001842
  1944.569946  0.001929
  1949.579956  0.002473
  1954.589966  0.001849
  1959.599976  0.002589
  1964.609985  0.002457
  1969.619995  0.004204
  1974.630005  0.003992
  1979.630005  0.005414
  1984.640015  0.006603
  1989.650024  0.006134
  1994.660034  0.005000
  1999.670044  0.004098
  2004.680054  0.002874
  2009.689941  0.002684
  2014.699951  0.002969
  2019.699951  0.004309
  2024.709961  0.004651
  2029.719971  0.006692
  2034.729980  0.007416
  2039.739990  0.007792
  2044.750000  0.007099
  2049.760010  0.005390
  2054.760010  0.004604
  2059.770020  0.005432
  2064.780029  0.006210
  2069.790039  0.006788
  2074.800049  0.007170
  2079.810059  0.008991
  2084.820068  0.009280
  2089.830078  0.009058
  2094.830078  0.009674
  2099.840088  0.008690
  2104.850098  0.010047
  2109.860107  0.009510
  2114.870117  0.009911
  2119.879883  0.010644
  2124.889893  0.009859
  2129.889893  0.010275
  2134.899902  0.009213
  2139.909912  0.010051
  2144.919922  0.010022
  2149.929932  0.009635
  2154.939941  0.009435
  2159.949951  0.009247
  2164.959961  0.009127
  2169.959961  0.009585
  2174.969971  0.008577
  2179.979980  0.008656
  2184.989990  0.009537
  2190.000000  0.010270
  2195.010010  0.009808
  2200.020020  0.008559
  2205.020020  0.009577
  2210.030029  0.009334
  2215.040039  0.009341
  2220.050049  0.008316
  2225.060059  0.009038
  2230.070068  0.008758
  2235.080078  0.008713
  2240.090088  0.008530
  2245.090088  0.008401
  2250.100098  0.009112
  2255.110107  0.007329
  2260.120117  0.006467
  2265.129883  0.006740
  2270.139893  0.006024
  2275.149902  0.006185
  2280.149902  0.006446
  2285.159912  0.006401
  2290.169922  0.005492
  2295.179932  0.005764
  2300.189941  0.005166
  2305.199951  0.004763
  2310.209961  0.006055
  2315.219971  0.004827
  2320.219971  0.004623
  2325.229980  0.004607
  2330.239990  0.004771
  2335.250000  0.004892
  2340.260010  0.003986
  2345.270020  0.004565
  2350.280029  0.003444
  2355.280029  0.003524
  2360.290039  0.004502
  2365.300049  0.003468
  2370.310059  0.003938
  2375.320068  0.002972
  2380.330078  0.003377
  2385.340088  0.003207
  2390.350098  0.003557
  2395.350098  0.003619
  2400.360107  0.003345
  2405.370117  0.003275
  2410.379883  0.002607
  2415.389893  0.002164
  2420.399902  0.003193
  2425.409912  0.003692
  2430.409912  0.002919
  2435.419922  0.003163
  2440.429932  0.003007
  2445.439941  0.002513
  2450.449951  0.001587
  2455.459961  0.002532
  2460.469971  0.003395
  2465.479980  0.002083
  2470.479980  0.002863
  2475.489990  0.002918
  2480.500000  0.003135
  2485.510010  0.002168
  2490.520020  0.003190
  2495.530029  0.002473
  2500.540039  0.003524
